/hesai/pandar to IMU:
extrinsic_R: [-0.9994798537154499, 0.008462533254100062, -0.031119247225253194, 0.03132710381642258, 0.4838925121550204, -0.8745665493527514, 0.007657322209379716, -0.8750865227000281, -0.4839059239205026]
extrinsic_T: [-0.054634629432900546, -0.03210699590468056, -0.02255333713107708]

/hesai/pandar to /camera1/image_raw:
Rcl: [-0.021074466790962514, -0.4856135919675095, 0.8739195078185922, 0.02215655320878164, 0.8736721103224339, 0.48601042251648474, -0.9995323676596891, 0.02960545458456055, -0.00765265048584461]
Tcl: [0.0032052935898633918, -0.02999400589221371, -0.11581511131411924]

/hesai/pandar to /camera2/image_raw:
Rcl: [0.04170040486038976, 0.8771556929453076, 0.47839206365502934, -0.00741798194457647, -0.4785235481588666, 0.8780433858308595, 0.9991026222457582, -0.040163468364755615, -0.013447900600604034]
Tcl: [-0.02219279569256228, -0.001735373415811716, -0.005372873151898251]

/hesai/pandar to /camera3/image_raw:
Rcl: [-0.01240023259113622, 0.4788607398723632, -0.8778032957562751, -0.055418245285798556, -0.8768506201798104, -0.47755817235152076, -0.9983862240241144, 0.042724485943946795, 0.03741077357789723]
Tcl: [-0.002512462394495104, 0.009794831111027476, -0.10982200238812637]

/hesai/pandar to /camera4/image_raw:
Rcl: [-0.011798722099088874, -0.8883232888394046, -0.459067015437151, 0.03230463781336159, 0.4585206861105855, -0.8880963859764465, 0.9994084252859675, -0.025308396121099253, 0.023287003955028814]
Tcl: [0.023853526883065586, -0.0024362713512994082, -0.004418553780467092]

/livox/lidar to IMU:
extrinsic_R: [-0.9998795409863357, -0.014943508124828024, 0.00419464919608275, 0.015087369238067434, -0.9992137482062585, 0.03666410622222282, 0.003643460776406868, 0.03672297592139586, 0.9993188421285008]
extrinsic_T: [-0.05447203495773165, -0.0063784773966606865, -0.12564102317763814]

/livox/lidar to /camera1/image_raw:
Rcl: [0.0024116062774290725, 0.9994116352529759, -0.03421355690565012, -0.01310439745836184, -0.03417913434220545, -0.9993298061915652, -0.9999112255207543, 0.002858338081989265, 0.01301426067792932]
Tcl: [0.0024459449274809556, -0.1967053181167835, -0.11479782256246286]

/livox/lidar to /camera2/image_raw:
Rcl: [0.006248994801284072, -0.04298301175901933, -0.9990562600595114, 0.015770454458656737, 0.9989557520283143, -0.04288004495932505, 0.9998561110630578, -0.015487614072874802, 0.006920330930578927]
Tcl: [-0.18887947502449803, -0.003925576907900332, -0.003130764236396591]

/livox/lidar to /camera3/image_raw:
Rcl: [-0.03558430456061454, -0.9984346971644784, 0.04314988721902156, -0.019964576578827765, 0.04387882849719098, 0.9988373561755398, -0.9991672397306497, 0.03468146346091747, -0.021494723567505866]
Tcl: [-0.0002978130817092219, 0.17643347255829817, -0.11439711063412619]

/livox/lidar to /camera4/image_raw:
Rcl: [0.02416290259680989, 0.06455478804834172, 0.9976215883180014, 0.009904357020637054, -0.9978794270983384, 0.06433158389080759, 0.9996589707745868, 0.008326362586744402, -0.02475103706855996]
Tcl: [0.1904431918861621, 0.0033638372736592365, -0.0073366635330431584]